
7F        FF        FF        FF
0111 1111 1111 1111 1111 1111 1111 1111
2,147,483,647

00        3F        FF        FF
0000 0000 0011 1111 1111 1111 1111 1111
    4,194,303

7F        C0        00        00
0111 1111 1100 0000 0000 0000 0000 0000
2,143,289,344

1Œ…–ÚA-G
10        00        00        00
0001 0000 0000 0000 0000 0000 0000 0000
70        00        00        00
0111 0000 0000 0000 0000 0000 0000 0000

2Œ…–ÚA-G
02        00        00        00
0000 0010 0000 0000 0000 0000 0000 0000
0E        00        00        00
0000 1110 0000 0000 0000 0000 0000 0000

3Œ…–ÚA-G
00        40        00        00
0000 0000 0100 0000 0000 0000 0000 0000
01        C0        00        00
0000 0001 1100 0000 0000 0000 0000 0000
